111111111111111111111111111111111111111111111111111111111
999999999999999999999999999999991999999999999999999999991
999999999999999999999999999999991199999999999999999999991
999999999999999999999999999999999119999999999999999999991
999999999999999999999999999999999911999999999999999999991
999999999999999999999999999999999991199999999999999999991
999999999999999999999999999999999999119999999999999999991
999999999999999999999999999999999999911999999999999999991
999999999999999999999999999999999999991199999999999999991
999999999999999999999999999999999999999119999999999999991
999999999999999999999999999999999999999911999999999999991
999999999999999999999999999999999999999991199999999999991
999999999999999999999999999999999999999999119999999999991
999999999999999999999999999999999999999999911999999999991
999999999999999999999999999999999999999999991199999999991
999999999999999999999999999999999999999999999119999999991
999999999999999999999999999999999999999999999911999999991
999999999999999999999999999999999999999999999991199999991
999999999999999999999999999999999999999999999999119999991
999999999999999999999999999999999999999999999999911999991
999999999999999999999999999999999999999999999999991199991
999999999999999999999999999999999999999999999999999119991
999999999999999999999999999999999999999999999999999911991
999999999999999999999999999999999999999999999999999991191
999999999999999999999999999999999999999999999999999999112
999999999999999999999999999999999999999999999999999999911